mpiexec -n 2 D:\Repositories\distributed-computing\lab6\Debug\lab6.exe
mpiexec -n 16 D:\Repositories\distributed-computing\lab6\Debug\lab6.exe
mpiexec -n 9 D:\Repositories\distributed-computing\lab6\Debug\lab6.exe
Якщо без -n, то за замовчуванням запустить програму на всіх логічних ядрах

Stripe algorithm
mpiexec -n {processorsNumber} D:\Repositories\distributed-computing\lab6\Debug\StripeAlgorithm.exe benchmark
mpiexec -n {processorsNumber} D:\Repositories\distributed-computing\lab6\Debug\StripeAlgorithm.exe test {numberOfTests} {matrixSize}

 -- TEST
mpiexec -n 2 D:\Repositories\distributed-computing\lab6\Debug\StripeAlgorithm.exe test 10 16

============================= Fox =============================
mpiexec -n 4 D:\Repositories\distributed-computing\lab6\Debug\FoxAlgorithm.exe
mpiexec -n 9 D:\Repositories\distributed-computing\lab6\Debug\FoxAlgorithm.exe

mpiexec -n 9 D:\Repositories\distributed-computing\lab6\Debug\FoxAlgorithm.exe test 10 54

rank: 6, upRank: 3, rightRank: 7, downRank: 0, leftRank: 8
rank: 2, upRank: 8, rightRank: 0, downRank: 5, leftRank: 1
rank: 0, upRank: 6, rightRank: 1, downRank: 3, leftRank: 2
rank: 8, upRank: 5, rightRank: 6, downRank: 2, leftRank: 7
rank: 7, upRank: 4, rightRank: 8, downRank: 1, leftRank: 6
rank: 1, upRank: 7, rightRank: 2, downRank: 4, leftRank: 0
rank: 4, upRank: 1, rightRank: 5, downRank: 7, leftRank: 3
rank: 3, upRank: 0, rightRank: 4, downRank: 6, leftRank: 5
rank: 5, upRank: 2, rightRank: 3, downRank: 8, leftRank: 4





=== Corredct dustribution of tasks====
rank: 3, initialBlockA:
16.000000       18.000000       95.000000
67.000000       99.000000       35.000000
64.000000       41.000000       11.000000

rank: 3, blockB:
73.000000       86.000000       21.000000
73.000000       97.000000       12.000000
55.000000       74.000000       31.000000

rank: 5, initialBlockA:
38.000000       69.000000       12.000000
22.000000       33.000000       73.000000
44.000000       62.000000       57.000000

rank: 5, blockB:
70.000000       29.000000       77.000000
36.000000       55.000000       67.000000
41.000000       24.000000       66.000000

rank: 2, initialBlockA:
78.000000       58.000000       62.000000
91.000000       95.000000       42.000000
92.000000       82.000000       21.000000

rank: 2, blockB:
76.000000       31.000000       8.000000
18.000000       82.000000       29.000000
30.000000       77.000000       6.000000

rank: 1, initialBlockA:
0.000000        69.000000       24.000000
81.000000       27.000000       61.000000
4.000000        2.000000        53.000000

rank: 1, blockB:
56.000000       40.000000       66.000000
23.000000       37.000000       38.000000
39.000000       58.000000       4.000000

rank: 8, initialBlockA:
16.000000       35.000000       90.000000
48.000000       46.000000       5.000000
93.000000       48.000000       29.000000

rank: 8, blockB:
87.000000       53.000000       83.000000
22.000000       46.000000       6.000000
55.000000       10.000000       59.000000

rank: 4, initialBlockA:
47.000000       26.000000       71.000000
94.000000       3.000000        11.000000
53.000000       68.000000       47.000000

rank: 4, blockB:
45.000000       24.000000       72.000000
86.000000       90.000000       61.000000
52.000000       50.000000       50.000000

A:
41.000000       67.000000       34.000000       0.000000        69.000000       24.000000       78.000000       58.000000       62.000000
64.000000       5.000000        45.000000       81.000000       27.000000       61.000000       91.000000       95.000000       42.000000
27.000000       36.000000       91.000000       4.000000        2.000000        53.000000       92.000000       82.000000       21.000000
16.000000       18.000000       95.000000       47.000000       26.000000       71.000000       38.000000       69.000000       12.000000
67.000000       99.000000       35.000000       94.000000       3.000000        11.000000       22.000000       33.000000       73.000000
64.000000       41.000000       11.000000       53.000000       68.000000       47.000000       44.000000       62.000000       57.000000
37.000000       59.000000       23.000000       41.000000       29.000000       78.000000       16.000000       35.000000       90.000000
42.000000       88.000000       6.000000        40.000000       42.000000       64.000000       48.000000       46.000000       5.000000
90.000000       29.000000       70.000000       50.000000       6.000000        1.000000        93.000000       48.000000       29.000000

B:
23.000000       84.000000       54.000000       56.000000       40.000000       66.000000       76.000000       31.000000       8.000000
44.000000       39.000000       26.000000       23.000000       37.000000       38.000000       18.000000       82.000000       29.000000
41.000000       33.000000       15.000000       39.000000       58.000000       4.000000        30.000000       77.000000       6.000000
73.000000       86.000000       21.000000       45.000000       24.000000       72.000000       70.000000       29.000000       77.000000
73.000000       97.000000       12.000000       86.000000       90.000000       61.000000       36.000000       55.000000       67.000000
55.000000       74.000000       31.000000       52.000000       50.000000       50.000000       41.000000       24.000000       66.000000
30.000000       7.000000        91.000000       7.000000        37.000000       57.000000       87.000000       53.000000       83.000000
45.000000       9.000000        9.000000        58.000000       21.000000       88.000000       22.000000       46.000000       6.000000
30.000000       13.000000       68.000000       0.000000        91.000000       62.000000       55.000000       10.000000       59.000000

rank: 0, initialBlockA:
41.000000       67.000000       34.000000
64.000000       5.000000        45.000000
27.000000       36.000000       91.000000

rank: 0, blockB:
23.000000       84.000000       54.000000
44.000000       39.000000       26.000000
41.000000       33.000000       15.000000

rank: 6, initialBlockA:
37.000000       59.000000       23.000000
42.000000       88.000000       6.000000
90.000000       29.000000       70.000000

rank: 6, blockB:
30.000000       7.000000        91.000000
45.000000       9.000000        9.000000
30.000000       13.000000       68.000000

rank: 7, initialBlockA:
41.000000       29.000000       78.000000
40.000000       42.000000       64.000000
50.000000       6.000000        1.000000

rank: 7, blockB:
7.000000        37.000000       57.000000
58.000000       21.000000       88.000000
0.000000        91.000000       62.000000



====== Incorrect RESULT =====

A:
41.000000       67.000000       34.000000       0.000000        69.000000       24.000000       78.000000       58.000000       62.000000
64.000000       5.000000        45.000000       81.000000       27.000000       61.000000       91.000000       95.000000       42.000000
27.000000       36.000000       91.000000       4.000000        2.000000        53.000000       92.000000       82.000000       21.000000
16.000000       18.000000       95.000000       47.000000       26.000000       71.000000       38.000000       69.000000       12.000000
67.000000       99.000000       35.000000       94.000000       3.000000        11.000000       22.000000       33.000000       73.000000
64.000000       41.000000       11.000000       53.000000       68.000000       47.000000       44.000000       62.000000       57.000000
37.000000       59.000000       23.000000       41.000000       29.000000       78.000000       16.000000       35.000000       90.000000
42.000000       88.000000       6.000000        40.000000       42.000000       64.000000       48.000000       46.000000       5.000000
90.000000       29.000000       70.000000       50.000000       6.000000        1.000000        93.000000       48.000000       29.000000

B:
23.000000       84.000000       54.000000       56.000000       40.000000       66.000000       76.000000       31.000000       8.000000
44.000000       39.000000       26.000000       23.000000       37.000000       38.000000       18.000000       82.000000       29.000000
41.000000       33.000000       15.000000       39.000000       58.000000       4.000000        30.000000       77.000000       6.000000
73.000000       86.000000       21.000000       45.000000       24.000000       72.000000       70.000000       29.000000       77.000000
73.000000       97.000000       12.000000       86.000000       90.000000       61.000000       36.000000       55.000000       67.000000
55.000000       74.000000       31.000000       52.000000       50.000000       50.000000       41.000000       24.000000       66.000000
30.000000       7.000000        91.000000       7.000000        37.000000       57.000000       87.000000       53.000000       83.000000
45.000000       9.000000        9.000000        58.000000       21.000000       88.000000       22.000000       46.000000       6.000000
30.000000       13.000000       68.000000       0.000000        91.000000       62.000000       55.000000       10.000000       59.000000

C:
18452.000000    17522.000000    17874.000000    23041.000000    23193.000000    20169.000000    16369.000000    12790.000000    16048.000000
18418.000000    20155.000000    25313.000000    22723.000000    27179.000000    27941.000000    16898.000000    23982.000000    23577.000000
18346.000000    21052.000000    14398.000000    27387.000000    23201.000000    22452.000000    19322.000000    16974.000000    17208.000000
16819.000000    17917.000000    16862.000000    22279.000000    24327.000000    16150.000000    20407.000000    19884.000000    15651.000000
17326.000000    17781.000000    19622.000000    14522.000000    19599.000000    24509.000000    19537.000000    22574.000000    27638.000000
18819.000000    16867.000000    16938.000000    23181.000000    16667.000000    17848.000000    21386.000000    22280.000000    20189.000000
18545.000000    19669.000000    13146.000000    17929.000000    17234.000000    10949.000000    19448.000000    21068.000000    19510.000000
15115.000000    23727.000000    19884.000000    16427.000000    21326.000000    23572.000000    18325.000000    17515.000000    23267.000000
18788.000000    15770.000000    19241.000000    17355.000000    18696.000000    17597.000000    23961.000000    19789.000000    16017.000000

Serial result:
18452.000000    17522.000000    17874.000000    16255.000000    23247.000000    24191.000000    20282.000000    21176.000000    19162.000000
23041.000000    23193.000000    20169.000000    20740.000000    21963.000000    31274.000000    27764.000000    20770.000000    23600.000000
16369.000000    12790.000000    16048.000000    14397.000000    17653.000000    20336.000000    18918.000000    21152.000000    15113.000000
18894.000000    18042.000000    11152.000000    17326.000000    17781.000000    19622.000000    17011.000000    19092.000000    15543.000000
19353.000000    21233.000000    16331.000000    14522.000000    19599.000000    24509.000000    21718.000000    19459.000000    18113.000000
20965.000000    23577.000000    16511.000000    19537.000000    22574.000000    27638.000000    22344.000000    18352.000000    20893.000000
18545.000000    19876.000000    15395.000000    14863.000000    22008.000000    22969.000000    18788.000000    15770.000000    19241.000000
18250.000000    20223.000000    13096.000000    16354.000000    16421.000000    21876.000000    17355.000000    18696.000000    17597.000000
16179.000000    17417.000000    18684.000000    14690.000000    17611.000000    22661.000000    23961.000000    19789.000000    16017.000000
IS PASSED: 0




====== Also incorrect =====
A:
41.000000       67.000000       34.000000       0.000000        69.000000       24.000000       78.000000       58.000000       62.000000
64.000000       5.000000        45.000000       81.000000       27.000000       61.000000       91.000000       95.000000       42.000000
27.000000       36.000000       91.000000       4.000000        2.000000        53.000000       92.000000       82.000000       21.000000
16.000000       18.000000       95.000000       47.000000       26.000000       71.000000       38.000000       69.000000       12.000000
67.000000       99.000000       35.000000       94.000000       3.000000        11.000000       22.000000       33.000000       73.000000
64.000000       41.000000       11.000000       53.000000       68.000000       47.000000       44.000000       62.000000       57.000000
37.000000       59.000000       23.000000       41.000000       29.000000       78.000000       16.000000       35.000000       90.000000
42.000000       88.000000       6.000000        40.000000       42.000000       64.000000       48.000000       46.000000       5.000000
90.000000       29.000000       70.000000       50.000000       6.000000        1.000000        93.000000       48.000000       29.000000

B:
23.000000       84.000000       54.000000       56.000000       40.000000       66.000000       76.000000       31.000000       8.000000
44.000000       39.000000       26.000000       23.000000       37.000000       38.000000       18.000000       82.000000       29.000000
41.000000       33.000000       15.000000       39.000000       58.000000       4.000000        30.000000       77.000000       6.000000
73.000000       86.000000       21.000000       45.000000       24.000000       72.000000       70.000000       29.000000       77.000000
73.000000       97.000000       12.000000       86.000000       90.000000       61.000000       36.000000       55.000000       67.000000
55.000000       74.000000       31.000000       52.000000       50.000000       50.000000       41.000000       24.000000       66.000000
30.000000       7.000000        91.000000       7.000000        37.000000       57.000000       87.000000       53.000000       83.000000
45.000000       9.000000        9.000000        58.000000       21.000000       88.000000       22.000000       46.000000       6.000000
30.000000       13.000000       68.000000       0.000000        91.000000       62.000000       55.000000       10.000000       59.000000

C:
18452.000000    17522.000000    17874.000000    18418.000000    20155.000000    25313.000000    18346.000000    21052.000000    14398.000000
23041.000000    23193.000000    20169.000000    22723.000000    27179.000000    27941.000000    27387.000000    23201.000000    22452.000000
16369.000000    12790.000000    16048.000000    16898.000000    23982.000000    23577.000000    19322.000000    16974.000000    17208.000000
16819.000000    17917.000000    16862.000000    17326.000000    17781.000000    19622.000000    18819.000000    16867.000000    16938.000000
22279.000000    24327.000000    16150.000000    14522.000000    19599.000000    24509.000000    23181.000000    16667.000000    17848.000000
20407.000000    19884.000000    15651.000000    19537.000000    22574.000000    27638.000000    21386.000000    22280.000000    20189.000000
18545.000000    19669.000000    13146.000000    15115.000000    23727.000000    19884.000000    18788.000000    15770.000000    19241.000000
17929.000000    17234.000000    10949.000000    16427.000000    21326.000000    23572.000000    17355.000000    18696.000000    17597.000000
19448.000000    21068.000000    19510.000000    18325.000000    17515.000000    23267.000000    23961.000000    19789.000000    16017.000000

Serial result:
18452.000000    17522.000000    17874.000000    16255.000000    23247.000000    24191.000000    20282.000000    21176.000000    19162.000000
23041.000000    23193.000000    20169.000000    20740.000000    21963.000000    31274.000000    27764.000000    20770.000000    23600.000000
16369.000000    12790.000000    16048.000000    14397.000000    17653.000000    20336.000000    18918.000000    21152.000000    15113.000000
18894.000000    18042.000000    11152.000000    17326.000000    17781.000000    19622.000000    17011.000000    19092.000000    15543.000000
19353.000000    21233.000000    16331.000000    14522.000000    19599.000000    24509.000000    21718.000000    19459.000000    18113.000000
20965.000000    23577.000000    16511.000000    19537.000000    22574.000000    27638.000000    22344.000000    18352.000000    20893.000000
18545.000000    19876.000000    15395.000000    14863.000000    22008.000000    22969.000000    18788.000000    15770.000000    19241.000000
18250.000000    20223.000000    13096.000000    16354.000000    16421.000000    21876.000000    17355.000000    18696.000000    17597.000000
16179.000000    17417.000000    18684.000000    14690.000000    17611.000000    22661.000000    23961.000000    19789.000000    16017.000000
IS PASSED: 0

correct blocks
(0,0) (1,1) (2,2)